9.090899999999999646e-06 3.636399999999999946e-05 9.090899999999999646e-06 2.727300000000000129e-05 2.181800000000000015e-04 3.818200000000000001e-04 8.181799999999999490e-04 1.881800000000000096e-03 2.827300000000000039e-03 5.154500000000000227e-03
0.000000000000000000e+00 0.000000000000000000e+00 0.000000000000000000e+00 0.000000000000000000e+00 0.000000000000000000e+00 3.636399999999999946e-05 5.454500000000000039e-05 1.727300000000000081e-04 1.327300000000000008e-03 1.636400000000000094e-03
1.561818181818181751e-02 2.125454545454545305e-02 6.909090909090908998e-03 1.721818181818181651e-02 1.170000000000000033e-02 1.470909090909090951e-02 2.369999999999999885e-02 8.699999999999999400e-03 3.106363636363636271e-02 3.322727272727273029e-02
1.245454545454545469e-03 1.563636363636363618e-03 6.363636363636364065e-05 8.090909090909090447e-04 2.818181818181817984e-04 1.399999999999999986e-03 1.909090909090909219e-04 1.336363636363636399e-03 4.527272727272727004e-03 2.981818181818181833e-03
2.827272727272727316e-03 9.299999999999999239e-03 1.109090909090909181e-03 5.490909090909090566e-03 3.672727272727272819e-03 7.127272727272726885e-03 5.572727272727272599e-03 1.660000000000000017e-02 1.745454545454545522e-02 3.111818181818181914e-02
7.636363636363636877e-04 3.218181818181818383e-03 2.000000000000000096e-04 2.190909090909091018e-03 4.672727272727272840e-03 7.100000000000000408e-03 4.327272727272727347e-03 1.416363636363636436e-02 1.786363636363636279e-02 1.270909090909090947e-02
0.000000000000000000e+00 0.000000000000000000e+00 0.000000000000000000e+00 0.000000000000000000e+00 0.000000000000000000e+00 0.000000000000000000e+00 9.090909090909091037e-06 1.545454545454545442e-04 6.363636363636364065e-04 1.463636363636363572e-03
0.000000000000000000e+00 0.000000000000000000e+00 0.000000000000000000e+00 0.000000000000000000e+00 9.090909090909091037e-06 7.272727272727272829e-05 4.545454545454545180e-05 3.363636363636363785e-04 1.636363636363636319e-03 1.663636363636363663e-03
0.000000000000000000e+00 0.000000000000000000e+00 0.000000000000000000e+00 0.000000000000000000e+00 0.000000000000000000e+00 0.000000000000000000e+00 9.090909090909091037e-06 2.090909090909090972e-04 7.454545454545454582e-04 2.172727272727272788e-03
0.000000000000000000e+00 0.000000000000000000e+00 0.000000000000000000e+00 0.000000000000000000e+00 9.090909090909091037e-06 8.181818181818181594e-05 4.545454545454545180e-05 3.454545454545454391e-04 1.699999999999999905e-03 1.699999999999999905e-03
0.000000000000000000e+00 0.000000000000000000e+00 0.000000000000000000e+00 0.000000000000000000e+00 0.000000000000000000e+00 0.000000000000000000e+00 9.090909090909091037e-06 2.454545454545454478e-04 1.054545454545454492e-03 2.390909090909091109e-03
0.000000000000000000e+00 0.000000000000000000e+00 0.000000000000000000e+00 0.000000000000000000e+00 1.818181818181818207e-05 9.090909090909090359e-05 5.454545454545454622e-05 3.909090909090909044e-04 1.663636363636363663e-03 1.745454545454545479e-03
